0 6.02
.5 5.49
1.0 3.90
1.5 2.84
2.0 2.12
2.5 1.28
3.0 0.75

4.5 6.32
5.0 6.36
5.5 4.51
6.0 3.31
6.5 2.59
7.0 1.74
7.5 1.23

9.0 3.58
9.5 3.34
10.0 2.56
10.5 1.84
11.0 1.38
11.5 0.88
12.0 0.54

13.5 1.53
14.0 1.56
14.5 1.32
15.0 1.17
15.5 1.09
16.0 0.81
16.5 0.68

18.0 1.52
18.5 1.64
19.0 1.38
19.5 1.25
20.0 1.08
20.5 0.79
21.0 0.68

22.5 2.44
23.0 1.77
23.5 1.53
24.0 1.30
24.5 1.04
25.0 0.82
25.5 0.77

27.0 1.23
27.5 1.05
28.0 0.82
28.5 0.74
29.0 0.73
29.5 0.53
30.0 0.47

31.5 1.33
32.0 1.12
32.5 1.02
33.0 0.84
33.5 0.72
34.0 0.49
34.5 0.36

36.0 1.23
36.5 1.15
37.0 1.06
37.5 0.83
38.0 0.70
38.5 0.51
39.0 0.38

